best poset: 
0,0,0,0,0,0,1,0,0,0,1,0
0,0,0,0,0,0,0,0,0,0,0,0
0,0,0,1,0,0,0,0,0,0,0,0
0,0,0,0,0,0,0,0,1,0,0,0
0,0,0,1,0,0,0,0,0,0,0,0
0,0,0,0,0,0,0,0,0,0,0,0
0,1,0,0,1,0,0,0,0,1,0,1
0,0,1,0,0,0,0,0,0,0,0,0
0,0,0,0,0,0,0,0,0,0,0,0
0,0,0,0,0,0,0,0,0,0,0,0
0,0,0,0,0,0,0,0,0,0,0,0
0,0,1,0,0,0,0,0,0,0,0,0

 accepted: 7714780, ratio 0.472109
best theta types = 
-1,-1,1,1,-1,-1,-1,-1,-1,-1,-1,-1
Best Lambdas:
1.11712 0.00359167 0.00610439 0.00958826 0.270058 0.0437201 1.57253 0.001066 0.0136846 0.00409286 0.00119213 0.0581626 1 

Best epsilon = 0.0617775
