best poset: 
0,0,0,0,0,0,0,0,0,0,0,0
0,0,0,0,1,0,0,0,0,1,0,0
0,0,0,0,0,0,0,0,0,0,0,0
0,0,0,0,0,0,1,0,1,0,0,0
1,0,1,0,0,0,1,0,0,0,0,0
0,0,1,0,0,0,0,0,0,0,0,0
0,0,0,0,0,0,0,0,0,0,0,0
0,1,0,0,0,1,0,0,1,0,0,0
1,0,0,0,0,0,0,0,0,1,0,0
0,0,1,0,0,0,0,0,0,0,0,0
0,0,0,0,0,0,0,0,1,0,0,1
1,0,0,0,0,1,0,0,0,0,0,0

 accepted: 7663210, ratio 0.512595
best theta types = 
2,-1,2,-1,-1,1,2,-1,2,1,-1,-1
Best Lambdas:
1.94145 1.77447 3.09254 0.463661 12.2385 1.17284 1.82667 0.57768 2.07212 1.99848 0.386552 76.4711 1 

Best epsilon = 0.126163
